[
	"fileversion","22.0.368",
	"hasindex",false,
	"pointcount",1002,
	"vertexcount",6000,
	"primitivecount",2000,
	"info",{
		"date":"2026-10-01 14:17:33",
		"timetocook":0,
		"software":"Houdini 22.0.368",
		"artist":"u1541230",
		"hostname":"games-b860-046.ad.utah.edu",
		"time":3.66666666666666652,
		"bounds":[-0.584038496,0.568861127,-0.566126287,0.505939424,-0.548724473,0.777685642],
		"primcount_summary":"      2,000 Polygons\n",
		"attribute_summary":"     1 point attributes:\tP\n"
	},
	"topology",[
		"pointref",[
			"indices",[2,1,0,4,3,1,5,4,2,7,6,3,8,7,4,9,8,5,11,10,6,12,11,7,13,12,8,14,13,9,16,15,10,17,16,11,18,17,12,19,18,13,20,19,14,22,21,15,23,22,16,24,23,17,25,24,18,26,25,19,27,26,20,29,28,21,30,29,22,31,30,23,32,31,24,33,32,25,34,33,26,
				35,34,27,37,36,28,38,37,29,39,38,30,40,39,31,41,40,32,42,41,33,43,42,34,44,43,35,46,45,36,47,46,37,48,47,38,49,48,39,50,49,40,51,50,41,52,51,42,53,52,43,54,53,44,56,55,45,57,56,46,58,57,47,59,58,48,60,59,49,61,60,50,62,61,51,
				63,62,52,64,63,53,65,64,54,2,4,1,4,7,3,5,8,4,7,11,6,8,12,7,9,13,8,11,16,10,12,17,11,13,18,12,14,19,13,16,22,15,17,23,16,18,24,17,19,25,18,20,26,19,22,29,21,23,30,22,24,31,23,25,32,24,26,33,25,27,34,26,29,37,28,30,38,29,31,39,
				30,32,40,31,33,41,32,34,42,33,35,43,34,37,46,36,38,47,37,39,48,38,40,49,39,41,50,40,42,51,41,43,52,42,44,53,43,46,56,45,47,57,46,48,58,47,49,59,48,50,60,49,51,61,50,52,62,51,53,63,52,54,64,53,66,2,0,67,5,2,68,67,66,69,9,5,70,
				69,67,71,70,68,72,14,9,73,72,69,74,73,70,75,74,71,76,20,14,77,76,72,78,77,73,79,78,74,80,79,75,81,27,20,82,81,76,83,82,77,84,83,78,85,84,79,86,85,80,87,35,27,88,87,81,89,88,82,90,89,83,91,90,84,92,91,85,93,92,86,94,44,35,95,
				94,87,96,95,88,97,96,89,98,97,90,99,98,91,100,99,92,101,100,93,102,54,44,103,102,94,104,103,95,105,104,96,106,105,97,107,106,98,108,107,99,109,108,100,110,109,101,111,65,54,112,111,102,113,112,103,114,113,104,115,114,105,116,
				115,106,117,116,107,118,117,108,119,118,109,120,119,110,66,67,2,67,69,5,68,70,67,69,72,9,70,73,69,71,74,70,72,76,14,73,77,72,74,78,73,75,79,74,76,81,20,77,82,76,78,83,77,79,84,78,80,85,79,81,87,27,82,88,81,83,89,82,84,90,83,
				85,91,84,86,92,85,87,94,35,88,95,87,89,96,88,90,97,89,91,98,90,92,99,91,93,100,92,94,102,44,95,103,94,96,104,95,97,105,96,98,106,97,99,107,98,100,108,99,101,109,100,102,111,54,103,112,102,104,113,103,105,114,104,106,115,105,
				107,116,106,108,117,107,109,118,108,110,119,109,121,66,0,122,68,66,123,122,121,124,71,68,125,124,122,126,125,123,127,75,71,128,127,124,129,128,125,130,129,126,131,80,75,132,131,127,133,132,128,134,133,129,135,134,130,136,86,
				80,137,136,131,138,137,132,139,138,133,140,139,134,141,140,135,142,93,86,143,142,136,144,143,137,145,144,138,146,145,139,147,146,140,148,147,141,149,101,93,150,149,142,151,150,143,152,151,144,153,152,145,154,153,146,155,154,
				147,156,155,148,157,110,101,158,157,149,159,158,150,160,159,151,161,160,152,162,161,153,163,162,154,164,163,155,165,164,156,166,120,110,167,166,157,168,167,158,169,168,159,170,169,160,171,170,161,172,171,162,173,172,163,174,
				173,164,175,174,165,121,122,66,122,124,68,123,125,122,124,127,71,125,128,124,126,129,125,127,131,75,128,132,127,129,133,128,130,134,129,131,136,80,132,137,131,133,138,132,134,139,133,135,140,134,136,142,86,137,143,136,138,144,
				137,139,145,138,140,146,139,141,147,140,142,149,93,143,150,142,144,151,143,145,152,144,146,153,145,147,154,146,148,155,147,149,157,101,150,158,149,151,159,150,152,160,151,153,161,152,154,162,153,155,163,154,156,164,155,157,166,
				110,158,167,157,159,168,158,160,169,159,161,170,160,162,171,161,163,172,162,164,173,163,165,174,164,176,121,0,177,123,121,178,177,176,179,126,123,180,179,177,181,180,178,182,130,126,183,182,179,184,183,180,185,184,181,186,135,
				130,187,186,182,188,187,183,189,188,184,190,189,185,191,141,135,192,191,186,193,192,187,194,193,188,195,194,189,196,195,190,197,148,141,198,197,191,199,198,192,200,199,193,201,200,194,202,201,195,203,202,196,204,156,148,205,
				204,197,206,205,198,207,206,199,208,207,200,209,208,201,210,209,202,211,210,203,212,165,156,213,212,204,214,213,205,215,214,206,216,215,207,217,216,208,218,217,209,219,218,210,220,219,211,221,175,165,222,221,212,223,222,213,
				224,223,214,225,224,215,226,225,216,227,226,217,228,227,218,229,228,219,230,229,220,176,177,121,177,179,123,178,180,177,179,182,126,180,183,179,181,184,180,182,186,130,183,187,182,184,188,183,185,189,184,186,191,135,187,192,
				186,188,193,187,189,194,188,190,195,189,191,197,141,192,198,191,193,199,192,194,200,193,195,201,194,196,202,195,197,204,148,198,205,197,199,206,198,200,207,199,201,208,200,202,209,201,203,210,202,204,212,156,205,213,204,206,
				214,205,207,215,206,208,216,207,209,217,208,210,218,209,211,219,210,212,221,165,213,222,212,214,223,213,215,224,214,216,225,215,217,226,216,218,227,217,219,228,218,220,229,219,1,176,0,231,178,176,3,231,1,232,181,178,233,232,
				231,6,233,3,234,185,181,235,234,232,236,235,233,10,236,6,237,190,185,238,237,234,239,238,235,240,239,236,15,240,10,241,196,190,242,241,237,243,242,238,244,243,239,245,244,240,21,245,15,246,203,196,247,246,241,248,247,242,249,
				248,243,250,249,244,251,250,245,28,251,21,252,211,203,253,252,246,254,253,247,255,254,248,256,255,249,257,256,250,258,257,251,36,258,28,259,220,211,260,259,252,261,260,253,262,261,254,263,262,255,264,263,256,265,264,257,266,
				265,258,45,266,36,267,230,220,268,267,259,269,268,260,270,269,261,271,270,262,272,271,263,273,272,264,274,273,265,275,274,266,55,275,45,1,231,176,231,232,178,3,233,231,232,234,181,233,235,232,6,236,233,234,237,185,235,238,234,
				236,239,235,10,240,236,237,241,190,238,242,237,239,243,238,240,244,239,15,245,240,241,246,196,242,247,241,243,248,242,244,249,243,245,250,244,21,251,245,246,252,203,247,253,246,248,254,247,249,255,248,250,256,249,251,257,250,
				28,258,251,252,259,211,253,260,252,254,261,253,255,262,254,256,263,255,257,264,256,258,265,257,36,266,258,259,267,220,260,268,259,261,269,260,262,270,261,263,271,262,264,272,263,265,273,264,266,274,265,45,275,266,276,275,55,
				277,274,275,278,277,276,279,273,274,280,279,277,281,280,278,282,272,273,283,282,279,284,283,280,285,284,281,286,271,272,287,286,282,288,287,283,289,288,284,290,289,285,291,270,271,292,291,286,293,292,287,294,293,288,295,294,
				289,296,295,290,297,269,270,298,297,291,299,298,292,300,299,293,301,300,294,302,301,295,303,302,296,304,268,269,305,304,297,306,305,298,307,306,299,308,307,300,309,308,301,310,309,302,311,310,303,312,267,268,313,312,304,314,
				313,305,315,314,306,316,315,307,317,316,308,318,317,309,319,318,310,320,319,311,321,230,267,322,321,312,323,322,313,324,323,314,325,324,315,326,325,316,327,326,317,328,327,318,329,328,319,330,329,320,276,277,275,277,279,274,
				278,280,277,279,282,273,280,283,279,281,284,280,282,286,272,283,287,282,284,288,283,285,289,284,286,291,271,287,292,286,288,293,287,289,294,288,290,295,289,291,297,270,292,298,291,293,299,292,294,300,293,295,301,294,296,302,
				295,297,304,269,298,305,297,299,306,298,300,307,299,301,308,300,302,309,301,303,310,302,304,312,268,305,313,304,306,314,305,307,315,306,308,316,307,309,317,308,310,318,309,311,319,310,312,321,267,313,322,312,314,323,313,315,
				324,314,316,325,315,317,326,316,318,327,317,319,328,318,320,329,319,331,229,230,332,228,229,333,332,331,334,227,228,335,334,332,336,335,333,337,226,227,338,337,334,339,338,335,340,339,336,341,225,226,342,341,337,343,342,338,
				344,343,339,345,344,340,346,224,225,347,346,341,348,347,342,349,348,343,350,349,344,351,350,345,352,223,224,353,352,346,354,353,347,355,354,348,356,355,349,357,356,350,358,357,351,359,222,223,360,359,352,361,360,353,362,361,
				354,363,362,355,364,363,356,365,364,357,366,365,358,367,221,222,368,367,359,369,368,360,370,369,361,371,370,362,372,371,363,373,372,364,374,373,365,375,374,366,376,175,221,377,376,367,378,377,368,379,378,369,380,379,370,381,
				380,371,382,381,372,383,382,373,384,383,374,385,384,375,331,332,229,332,334,228,333,335,332,334,337,227,335,338,334,336,339,335,337,341,226,338,342,337,339,343,338,340,344,339,341,346,225,342,347,341,343,348,342,344,349,343,
				345,350,344,346,352,224,347,353,346,348,354,347,349,355,348,350,356,349,351,357,350,352,359,223,353,360,352,354,361,353,355,362,354,356,363,355,357,364,356,358,365,357,359,367,222,360,368,359,361,369,360,362,370,361,363,371,
				362,364,372,363,365,373,364,366,374,365,367,376,221,368,377,367,369,378,368,370,379,369,371,380,370,372,381,371,373,382,372,374,383,373,375,384,374,386,174,175,387,173,174,388,387,386,389,172,173,390,389,387,391,390,388,392,
				171,172,393,392,389,394,393,390,395,394,391,396,170,171,397,396,392,398,397,393,399,398,394,400,399,395,401,169,170,402,401,396,403,402,397,404,403,398,405,404,399,406,405,400,407,168,169,408,407,401,409,408,402,410,409,403,
				411,410,404,412,411,405,413,412,406,414,167,168,415,414,407,416,415,408,417,416,409,418,417,410,419,418,411,420,419,412,421,420,413,422,166,167,423,422,414,424,423,415,425,424,416,426,425,417,427,426,418,428,427,419,429,428,
				420,430,429,421,431,120,166,432,431,422,433,432,423,434,433,424,435,434,425,436,435,426,437,436,427,438,437,428,439,438,429,440,439,430,386,387,174,387,389,173,388,390,387,389,392,172,390,393,389,391,394,390,392,396,171,393,
				397,392,394,398,393,395,399,394,396,401,170,397,402,396,398,403,397,399,404,398,400,405,399,401,407,169,402,408,401,403,409,402,404,410,403,405,411,404,406,412,405,407,414,168,408,415,407,409,416,408,410,417,409,411,418,410,
				412,419,411,413,420,412,414,422,167,415,423,414,416,424,415,417,425,416,418,426,417,419,427,418,420,428,419,421,429,420,422,431,166,423,432,422,424,433,423,425,434,424,426,435,425,427,436,426,428,437,427,429,438,428,430,439,
				429,441,119,120,442,118,119,443,442,441,444,117,118,445,444,442,446,445,443,447,116,117,448,447,444,449,448,445,450,449,446,451,115,116,452,451,447,453,452,448,454,453,449,455,454,450,456,114,115,457,456,451,458,457,452,459,
				458,453,460,459,454,461,460,455,462,113,114,463,462,456,464,463,457,465,464,458,466,465,459,467,466,460,468,467,461,469,112,113,470,469,462,471,470,463,472,471,464,473,472,465,474,473,466,475,474,467,476,475,468,477,111,112,
				478,477,469,479,478,470,480,479,471,481,480,472,482,481,473,483,482,474,484,483,475,485,484,476,486,65,111,487,486,477,488,487,478,489,488,479,490,489,480,491,490,481,492,491,482,493,492,483,494,493,484,495,494,485,441,442,119,
				442,444,118,443,445,442,444,447,117,445,448,444,446,449,445,447,451,116,448,452,447,449,453,448,450,454,449,451,456,115,452,457,451,453,458,452,454,459,453,455,460,454,456,462,114,457,463,456,458,464,457,459,465,458,460,466,
				459,461,467,460,462,469,113,463,470,462,464,471,463,465,472,464,466,473,465,467,474,466,468,475,467,469,477,112,470,478,469,471,479,470,472,480,471,473,481,472,474,482,473,475,483,474,476,484,475,477,486,111,478,487,477,479,
				488,478,480,489,479,481,490,480,482,491,481,483,492,482,484,493,483,485,494,484,496,64,65,497,63,64,498,497,496,499,62,63,500,499,497,501,500,498,502,61,62,503,502,499,504,503,500,505,504,501,506,60,61,507,506,502,508,507,503,
				509,508,504,510,509,505,511,59,60,512,511,506,513,512,507,514,513,508,515,514,509,516,515,510,517,58,59,518,517,511,519,518,512,520,519,513,521,520,514,522,521,515,523,522,516,524,57,58,525,524,517,526,525,518,527,526,519,528,
				527,520,529,528,521,530,529,522,531,530,523,532,56,57,533,532,524,534,533,525,535,534,526,536,535,527,537,536,528,538,537,529,539,538,530,540,539,531,541,55,56,542,541,532,543,542,533,544,543,534,545,544,535,546,545,536,547,
				546,537,548,547,538,549,548,539,550,549,540,496,497,64,497,499,63,498,500,497,499,502,62,500,503,499,501,504,500,502,506,61,503,507,502,504,508,503,505,509,504,506,511,60,507,512,506,508,513,507,509,514,508,510,515,509,511,517,
				59,512,518,511,513,519,512,514,520,513,515,521,514,516,522,515,517,524,58,518,525,517,519,526,518,520,527,519,521,528,520,522,529,521,523,530,522,524,532,57,525,533,524,526,534,525,527,535,526,528,536,527,529,537,528,530,538,
				529,531,539,530,532,541,56,533,542,532,534,543,533,535,544,534,536,545,535,537,546,536,538,547,537,539,548,538,540,549,539,541,276,55,551,278,276,542,551,541,552,281,278,553,552,551,543,553,542,554,285,281,555,554,552,556,555,
				553,544,556,543,557,290,285,558,557,554,559,558,555,560,559,556,545,560,544,561,296,290,562,561,557,563,562,558,564,563,559,565,564,560,546,565,545,566,303,296,567,566,561,568,567,562,569,568,563,570,569,564,571,570,565,547,
				571,546,572,311,303,573,572,566,574,573,567,575,574,568,576,575,569,577,576,570,578,577,571,548,578,547,579,320,311,580,579,572,581,580,573,582,581,574,583,582,575,584,583,576,585,584,577,586,585,578,549,586,548,587,330,320,
				588,587,579,589,588,580,590,589,581,591,590,582,592,591,583,593,592,584,594,593,585,595,594,586,550,595,549,541,551,276,551,552,278,542,553,551,552,554,281,553,555,552,543,556,553,554,557,285,555,558,554,556,559,555,544,560,
				556,557,561,290,558,562,557,559,563,558,560,564,559,545,565,560,561,566,296,562,567,561,563,568,562,564,569,563,565,570,564,546,571,565,566,572,303,567,573,566,568,574,567,569,575,568,570,576,569,571,577,570,547,578,571,572,
				579,311,573,580,572,574,581,573,575,582,574,576,583,575,577,584,576,578,585,577,548,586,578,579,587,320,580,588,579,581,589,580,582,590,581,583,591,582,584,592,583,585,593,584,586,594,585,549,595,586,321,331,230,596,333,331,
				322,596,321,597,336,333,598,597,596,323,598,322,599,340,336,600,599,597,601,600,598,324,601,323,602,345,340,603,602,599,604,603,600,605,604,601,325,605,324,606,351,345,607,606,602,608,607,603,609,608,604,610,609,605,326,610,
				325,611,358,351,612,611,606,613,612,607,614,613,608,615,614,609,616,615,610,327,616,326,617,366,358,618,617,611,619,618,612,620,619,613,621,620,614,622,621,615,623,622,616,328,623,327,624,375,366,625,624,617,626,625,618,627,
				626,619,628,627,620,629,628,621,630,629,622,631,630,623,329,631,328,632,385,375,633,632,624,634,633,625,635,634,626,636,635,627,637,636,628,638,637,629,639,638,630,640,639,631,330,640,329,321,596,331,596,597,333,322,598,596,
				597,599,336,598,600,597,323,601,598,599,602,340,600,603,599,601,604,600,324,605,601,602,606,345,603,607,602,604,608,603,605,609,604,325,610,605,606,611,351,607,612,606,608,613,607,609,614,608,610,615,609,326,616,610,611,617,
				358,612,618,611,613,619,612,614,620,613,615,621,614,616,622,615,327,623,616,617,624,366,618,625,617,619,626,618,620,627,619,621,628,620,622,629,621,623,630,622,328,631,623,624,632,375,625,633,624,626,634,625,627,635,626,628,
				636,627,629,637,628,630,638,629,631,639,630,329,640,631,376,386,175,641,388,386,377,641,376,642,391,388,643,642,641,378,643,377,644,395,391,645,644,642,646,645,643,379,646,378,647,400,395,648,647,644,649,648,645,650,649,646,
				380,650,379,651,406,400,652,651,647,653,652,648,654,653,649,655,654,650,381,655,380,656,413,406,657,656,651,658,657,652,659,658,653,660,659,654,661,660,655,382,661,381,662,421,413,663,662,656,664,663,657,665,664,658,666,665,
				659,667,666,660,668,667,661,383,668,382,669,430,421,670,669,662,671,670,663,672,671,664,673,672,665,674,673,666,675,674,667,676,675,668,384,676,383,677,440,430,678,677,669,679,678,670,680,679,671,681,680,672,682,681,673,683,
				682,674,684,683,675,685,684,676,385,685,384,376,641,386,641,642,388,377,643,641,642,644,391,643,645,642,378,646,643,644,647,395,645,648,644,646,649,645,379,650,646,647,651,400,648,652,647,649,653,648,650,654,649,380,655,650,
				651,656,406,652,657,651,653,658,652,654,659,653,655,660,654,381,661,655,656,662,413,657,663,656,658,664,657,659,665,658,660,666,659,661,667,660,382,668,661,662,669,421,663,670,662,664,671,663,665,672,664,666,673,665,667,674,
				666,668,675,667,383,676,668,669,677,430,670,678,669,671,679,670,672,680,671,673,681,672,674,682,673,675,683,674,676,684,675,384,685,676,431,441,120,686,443,441,432,686,431,687,446,443,688,687,686,433,688,432,689,450,446,690,
				689,687,691,690,688,434,691,433,692,455,450,693,692,689,694,693,690,695,694,691,435,695,434,696,461,455,697,696,692,698,697,693,699,698,694,700,699,695,436,700,435,701,468,461,702,701,696,703,702,697,704,703,698,705,704,699,
				706,705,700,437,706,436,707,476,468,708,707,701,709,708,702,710,709,703,711,710,704,712,711,705,713,712,706,438,713,437,714,485,476,715,714,707,716,715,708,717,716,709,718,717,710,719,718,711,720,719,712,721,720,713,439,721,
				438,722,495,485,723,722,714,724,723,715,725,724,716,726,725,717,727,726,718,728,727,719,729,728,720,730,729,721,440,730,439,431,686,441,686,687,443,432,688,686,687,689,446,688,690,687,433,691,688,689,692,450,690,693,689,691,
				694,690,434,695,691,692,696,455,693,697,692,694,698,693,695,699,694,435,700,695,696,701,461,697,702,696,698,703,697,699,704,698,700,705,699,436,706,700,701,707,468,702,708,701,703,709,702,704,710,703,705,711,704,706,712,705,
				437,713,706,707,714,476,708,715,707,709,716,708,710,717,709,711,718,710,712,719,711,713,720,712,438,721,713,714,722,485,715,723,714,716,724,715,717,725,716,718,726,717,719,727,718,720,728,719,721,729,720,439,730,721,486,496,
				65,731,498,496,487,731,486,732,501,498,733,732,731,488,733,487,734,505,501,735,734,732,736,735,733,489,736,488,737,510,505,738,737,734,739,738,735,740,739,736,490,740,489,741,516,510,742,741,737,743,742,738,744,743,739,745,744,
				740,491,745,490,746,523,516,747,746,741,748,747,742,749,748,743,750,749,744,751,750,745,492,751,491,752,531,523,753,752,746,754,753,747,755,754,748,756,755,749,757,756,750,758,757,751,493,758,492,759,540,531,760,759,752,761,
				760,753,762,761,754,763,762,755,764,763,756,765,764,757,766,765,758,494,766,493,767,550,540,768,767,759,769,768,760,770,769,761,771,770,762,772,771,763,773,772,764,774,773,765,775,774,766,495,775,494,486,731,496,731,732,498,
				487,733,731,732,734,501,733,735,732,488,736,733,734,737,505,735,738,734,736,739,735,489,740,736,737,741,510,738,742,737,739,743,738,740,744,739,490,745,740,741,746,516,742,747,741,743,748,742,744,749,743,745,750,744,491,751,
				745,746,752,523,747,753,746,748,754,747,749,755,748,750,756,749,751,757,750,492,758,751,752,759,531,753,760,752,754,761,753,755,762,754,756,763,755,757,764,756,758,765,757,493,766,758,759,767,540,760,768,759,761,769,760,762,
				770,761,763,771,762,764,772,763,765,773,764,766,774,765,494,775,766,778,777,776,780,779,777,781,780,778,783,782,779,784,783,780,785,784,781,787,786,782,788,787,783,789,788,784,790,789,785,792,791,786,793,792,787,794,793,788,
				795,794,789,796,795,790,798,797,791,799,798,792,800,799,793,801,800,794,802,801,795,803,802,796,805,804,797,806,805,798,807,806,799,808,807,800,809,808,801,810,809,802,811,810,803,813,812,804,814,813,805,815,814,806,816,815,
				807,817,816,808,818,817,809,819,818,810,820,819,811,822,821,812,823,822,813,824,823,814,825,824,815,826,825,816,827,826,817,828,827,818,829,828,819,830,829,820,595,550,821,594,595,822,593,594,823,592,593,824,591,592,825,590,
				591,826,589,590,827,588,589,828,587,588,829,330,587,830,778,780,777,780,783,779,781,784,780,783,787,782,784,788,783,785,789,784,787,792,786,788,793,787,789,794,788,790,795,789,792,798,791,793,799,792,794,800,793,795,801,794,
				796,802,795,798,805,797,799,806,798,800,807,799,801,808,800,802,809,801,803,810,802,805,813,804,806,814,805,807,815,806,808,816,807,809,817,808,810,818,809,811,819,810,813,822,812,814,823,813,815,824,814,816,825,815,817,826,
				816,818,827,817,819,828,818,820,829,819,822,595,821,823,594,822,824,593,823,825,592,824,826,591,825,827,590,826,828,589,827,829,588,828,830,587,829,777,831,776,833,832,831,779,833,777,835,834,832,836,835,833,782,836,779,838,
				837,834,839,838,835,840,839,836,786,840,782,842,841,837,843,842,838,844,843,839,845,844,840,791,845,786,847,846,841,848,847,842,849,848,843,850,849,844,851,850,845,797,851,791,853,852,846,854,853,847,855,854,848,856,855,849,
				857,856,850,858,857,851,804,858,797,860,859,852,861,860,853,862,861,854,863,862,855,864,863,856,865,864,857,866,865,858,812,866,804,868,867,859,869,868,860,870,869,861,871,870,862,872,871,863,873,872,864,874,873,865,875,874,
				866,821,875,812,775,495,867,774,775,868,773,774,869,772,773,870,771,772,871,770,771,872,769,770,873,768,769,874,767,768,875,550,767,821,777,833,831,833,835,832,779,836,833,835,838,834,836,839,835,782,840,836,838,842,837,839,
				843,838,840,844,839,786,845,840,842,847,841,843,848,842,844,849,843,845,850,844,791,851,845,847,853,846,848,854,847,849,855,848,850,856,849,851,857,850,797,858,851,853,860,852,854,861,853,855,862,854,856,863,855,857,864,856,
				858,865,857,804,866,858,860,868,859,861,869,860,862,870,861,863,871,862,864,872,863,865,873,864,866,874,865,812,875,866,868,775,867,869,774,868,870,773,869,871,772,870,872,771,871,873,770,872,874,769,873,875,768,874,821,767,
				875,831,876,776,878,877,876,832,878,831,880,879,877,881,880,878,834,881,832,883,882,879,884,883,880,885,884,881,837,885,834,887,886,882,888,887,883,889,888,884,890,889,885,841,890,837,892,891,886,893,892,887,894,893,888,895,
				894,889,896,895,890,846,896,841,898,897,891,899,898,892,900,899,893,901,900,894,902,901,895,903,902,896,852,903,846,905,904,897,906,905,898,907,906,899,908,907,900,909,908,901,910,909,902,911,910,903,859,911,852,913,912,904,
				914,913,905,915,914,906,916,915,907,917,916,908,918,917,909,919,918,910,920,919,911,867,920,859,730,440,912,729,730,913,728,729,914,727,728,915,726,727,916,725,726,917,724,725,918,723,724,919,722,723,920,495,722,867,831,878,
				876,878,880,877,832,881,878,880,883,879,881,884,880,834,885,881,883,887,882,884,888,883,885,889,884,837,890,885,887,892,886,888,893,887,889,894,888,890,895,889,841,896,890,892,898,891,893,899,892,894,900,893,895,901,894,896,
				902,895,846,903,896,898,905,897,899,906,898,900,907,899,901,908,900,902,909,901,903,910,902,852,911,903,905,913,904,906,914,905,907,915,906,908,916,907,909,917,908,910,918,909,911,919,910,859,920,911,913,730,912,914,729,913,
				915,728,914,916,727,915,917,726,916,918,725,917,919,724,918,920,723,919,867,722,920,876,921,776,923,922,921,877,923,876,925,924,922,926,925,923,879,926,877,928,927,924,929,928,925,930,929,926,882,930,879,932,931,927,933,932,
				928,934,933,929,935,934,930,886,935,882,937,936,931,938,937,932,939,938,933,940,939,934,941,940,935,891,941,886,943,942,936,944,943,937,945,944,938,946,945,939,947,946,940,948,947,941,897,948,891,950,949,942,951,950,943,952,
				951,944,953,952,945,954,953,946,955,954,947,956,955,948,904,956,897,958,957,949,959,958,950,960,959,951,961,960,952,962,961,953,963,962,954,964,963,955,965,964,956,912,965,904,685,385,957,684,685,958,683,684,959,682,683,960,
				681,682,961,680,681,962,679,680,963,678,679,964,677,678,965,440,677,912,876,923,921,923,925,922,877,926,923,925,928,924,926,929,925,879,930,926,928,932,927,929,933,928,930,934,929,882,935,930,932,937,931,933,938,932,934,939,
				933,935,940,934,886,941,935,937,943,936,938,944,937,939,945,938,940,946,939,941,947,940,891,948,941,943,950,942,944,951,943,945,952,944,946,953,945,947,954,946,948,955,947,897,956,948,950,958,949,951,959,950,952,960,951,953,
				961,952,954,962,953,955,963,954,956,964,955,904,965,956,958,685,957,959,684,958,960,683,959,961,682,960,962,681,961,963,680,962,964,679,963,965,678,964,912,677,965,921,778,776,966,781,778,922,966,921,967,785,781,968,967,966,
				924,968,922,969,790,785,970,969,967,971,970,968,927,971,924,972,796,790,973,972,969,974,973,970,975,974,971,931,975,927,976,803,796,977,976,972,978,977,973,979,978,974,980,979,975,936,980,931,981,811,803,982,981,976,983,982,
				977,984,983,978,985,984,979,986,985,980,942,986,936,987,820,811,988,987,981,989,988,982,990,989,983,991,990,984,992,991,985,993,992,986,949,993,942,994,830,820,995,994,987,996,995,988,997,996,989,998,997,990,999,998,991,1000,
				999,992,1001,1000,993,957,1001,949,640,330,830,639,640,994,638,639,995,637,638,996,636,637,997,635,636,998,634,635,999,633,634,1000,632,633,1001,385,632,957,921,966,778,966,967,781,922,968,966,967,969,785,968,970,967,924,971,
				968,969,972,790,970,973,969,971,974,970,927,975,971,972,976,796,973,977,972,974,978,973,975,979,974,931,980,975,976,981,803,977,982,976,978,983,977,979,984,978,980,985,979,936,986,980,981,987,811,982,988,981,983,989,982,984,
				990,983,985,991,984,986,992,985,942,993,986,987,994,820,988,995,987,989,996,988,990,997,989,991,998,990,992,999,991,993,1000,992,949,1001,993,994,640,830,995,639,994,996,638,995,997,637,996,998,636,997,999,635,998,1000,634,999,
				1001,633,1000,957,632,1001]
		]
	],
	"attributes",[
		"pointattributes",[
			[
				[
					"scope","public",
					"type","numeric",
					"name","P",
					"options",{
						"type":{
							"type":"string",
							"value":"point"
						}
					}
				],
				[
					"size",3,
					"storage","fpreal32",
					"defaults",[
						"size",1,
						"storage","fpreal64",
						"values",[0]
					],
					"values",[
						"size",3,
						"storage","fpreal32",
						"tuples",[[1.48136277e-08,1.72753686e-10,-0.442168981],[-5.46235812e-09,0.0489093289,-0.437159777],[0.0494594723,0.0160703827,-0.466370106],[1.53572337e-08,0.098035641,-0.434736967],[0.0510025397,0.0701990277,
								-0.45496124],[0.106721058,0.0346758291,-0.498610407],[2.02255865e-10,0.149853274,-0.434255123],[0.0520141199,0.120683223,-0.437366396],[0.103096478,0.0905905589,-0.456863463],[0.15531075,0.0504636019,
								-0.473454177],[2.39363818e-09,0.203292832,-0.428595334],[0.0540470891,0.172678426,-0.427811742],[0.102406926,0.140951082,-0.428983122],[0.154023111,0.109329805,-0.4466452],[0.201458588,0.0654579699,
								-0.446619511],[3.74947504e-11,0.247032419,-0.399706781],[0.0554248281,0.223242909,-0.411537439],[0.106143989,0.195014402,-0.418342888],[0.153244182,0.16181691,-0.419919133],[0.197522312,0.123138182,
								-0.416449904],[0.236861393,0.0769610479,-0.402972668],[6.62579591e-09,0.285910487,-0.365187049],[0.0546994172,0.264671683,-0.378598243],[0.110888481,0.252399713,-0.408391118],[0.160753071,0.221257761,
								-0.412805438],[0.209096149,0.186402634,-0.41496709],[0.238838345,0.136082307,-0.385074347],[0.272425115,0.0885164291,-0.365868479],[3.15759996e-09,0.328442156,-0.33541137],[0.0533636846,0.301487148,
								-0.341320664],[0.10798914,0.291980326,-0.367826581],[0.168828845,0.28387025,-0.401735842],[0.2203051,0.251132965,-0.406341344],[0.254845977,0.20121339,-0.383645535],[0.276306093,0.147121504,-0.348964632],
							[0.300899714,0.0977684185,-0.323140323],[-3.03070324e-09,0.364137679,-0.297649264],[0.0542759635,0.352116406,-0.316922009],[0.106164567,0.332481056,-0.329610765],[0.162799045,0.322155625,-0.353240281],
							[0.218512833,0.300757319,-0.368133903],[0.260385931,0.258654773,-0.359163761],[0.28626743,0.205765247,-0.332934707],[0.302208841,0.152454793,-0.301119179],[0.317692906,0.103224844,-0.273209006],[-1.43535836e-10,
								0.371204704,-0.240573987],[0.0516139492,0.38008073,-0.269465834],[0.103731021,0.370389342,-0.287095994],[0.157356396,0.358191609,-0.303949475],[0.2113702,0.339672923,-0.317065507],[0.27668193,
								0.328485548,-0.34027648],[0.299495757,0.266989857,-0.311681151],[0.319279164,0.212494567,-0.286267966],[0.322191656,0.155327424,-0.251324594],[0.333689451,0.108422481,-0.227557212],[0,0.380647182,
								-0.190323353],[0.0461060368,0.380673617,-0.20708552],[0.0922973081,0.371445686,-0.219251499],[0.141486704,0.365021318,-0.2339084],[0.202766314,0.372602791,-0.259960234],[0.258881301,0.356319755,
								-0.272203654],[0.296722591,0.3132689,-0.26442489],[0.324585766,0.264531285,-0.250177979],[0.322579026,0.201224089,-0.217795417],[0.331338763,0.153972745,-0.197351933],[0.344241321,0.111850969,
								-0.180978194],[0.0302086417,-0.0415786132,-0.460606545],[0.0867477432,-0.0281860195,-0.478454798],[0.0612738915,-0.0843362808,-0.46271351],[0.147113934,-0.0136193708,-0.491994381],[0.123188511,
								-0.0731558278,-0.477039695],[0.0915943608,-0.12606883,-0.451672733],[0.203341961,0.00230935728,-0.480967164],[0.188275337,-0.0611743145,-0.487667412],[0.156612709,-0.116482183,-0.461584121],[0.121914841,
								-0.167801395,-0.437300056],[0.240793735,0.0171300415,-0.431931943],[0.229963124,-0.042847313,-0.440798938],[0.213384092,-0.101533778,-0.445308805],[0.180299714,-0.151627973,-0.421503752],[0.146499902,
								-0.201639816,-0.403279632],[0.281937182,0.0312948562,-0.397383928],[0.289722413,-0.0289793871,-0.431347191],[0.265749365,-0.0863471329,-0.421773463],[0.233229443,-0.136179805,-0.400076091],[0.199910507,
								-0.182052761,-0.378765017],[0.169204384,-0.232889861,-0.367683232],[0.308991849,0.0432390571,-0.347816199],[0.315259755,-0.0126378471,-0.372789979],[0.313128769,-0.0708106905,-0.390495628],[0.282842368,
								-0.121554583,-0.37447226],[0.25107038,-0.167442217,-0.356575429],[0.222517461,-0.214614809,-0.344637275],[0.189546958,-0.260889024,-0.32934016],[0.327847898,0.0532640889,-0.295487702],[0.355582982,
								0.00181598193,-0.335802376],[0.345982313,-0.0536255166,-0.342653334],[0.319664657,-0.103865258,-0.332913458],[0.29304719,-0.150524065,-0.322468162],[0.270695657,-0.198759899,-0.317177653],[0.24139972,
								-0.243364513,-0.304936528],[0.211665362,-0.291332394,-0.294375777],[0.346962243,0.0628059506,-0.247766629],[0.379207373,0.015589254,-0.283293426],[0.384225309,-0.0384623557,-0.300014406],[0.363657385,
								-0.0899510682,-0.296981394],[0.338378876,-0.137446329,-0.289572746],[0.305748999,-0.178536072,-0.275188506],[0.278050989,-0.21999675,-0.264722019],[0.253110528,-0.264525175,-0.257234275],[0.227843702,
								-0.313599944,-0.251084745],[0.35796988,0.0700697973,-0.197027117],[0.377289891,0.0266677029,-0.216672152],[0.405033201,-0.0225232504,-0.242373884],[0.412066936,-0.0767819881,-0.256870687],[0.389538944,
								-0.126568764,-0.253137529],[0.351320982,-0.167129591,-0.23841998],[0.315870464,-0.20362851,-0.224553347],[0.285860568,-0.240206957,-0.213899851],[0.260477722,-0.280241877,-0.206626207],[0.234250829,
								-0.32241863,-0.199265465],[-0.0289083961,-0.0397889987,-0.439731926],[1.61515636e-08,-0.0885819197,-0.46454221],[-0.0610936321,-0.084088169,-0.461331844],[0.0310048293,-0.137573138,-0.469513714],
							[-0.0323766544,-0.14355059,-0.490031898],[-0.101740867,-0.140034318,-0.501981854],[0.0625323951,-0.185372666,-0.46266219],[-9.4119379e-09,-0.204581112,-0.504024029],[-0.0706055462,-0.208957598,-0.521774411],
							[-0.144176245,-0.19844158,-0.517296433],[0.0916708186,-0.226078272,-0.436509132],[0.0334892608,-0.255988538,-0.486592263],[-0.03587614,-0.274049431,-0.520996094],[-0.109358728,-0.269175261,-0.519980311],
							[-0.199335814,-0.274362266,-0.548724473],[0.116859876,-0.25840947,-0.397294343],[0.0621877797,-0.285498142,-0.432865977],[1.08149156e-09,-0.326632768,-0.493094444],[-0.0708986148,-0.325155437,-0.493062556],
							[-0.15467082,-0.341187388,-0.524837673],[-0.236102432,-0.324967086,-0.512833893],[0.140829191,-0.289108813,-0.358493865],[0.0901006684,-0.320338577,-0.393168777],[0.0315533467,-0.342762858,-0.418673277],
							[-0.0320253707,-0.347862095,-0.42489934],[-0.100433499,-0.356844753,-0.437976152],[-0.178067654,-0.364961594,-0.452654004],[-0.253160328,-0.348445237,-0.439484209],[0.16238156,-0.315462679,-0.315613598],
							[0.113389678,-0.3429842,-0.341132015],[0.0600426793,-0.371047437,-0.367811739],[-8.49798912e-11,-0.366054773,-0.362499684],[-0.0609389395,-0.37656647,-0.373272419],[-0.126585871,-0.382729709,-0.380609244],
							[-0.193403497,-0.375398338,-0.375566006],[-0.276959062,-0.381201446,-0.384586036],[0.179932743,-0.33464694,-0.2669321],[0.127874911,-0.344713151,-0.274472296],[0.0802323669,-0.368501097,-0.293042272],
							[0.0267419834,-0.372463614,-0.296038657],[-0.0268988013,-0.374644965,-0.29776448],[-0.0816966817,-0.375216752,-0.298360318],[-0.146265537,-0.394184798,-0.313726306],[-0.22075446,-0.410338521,-0.327189893],
							[-0.309610665,-0.426142544,-0.340097666],[0.189106837,-0.339767963,-0.209987879],[0.140261129,-0.346455276,-0.214120895],[0.0915887207,-0.346592337,-0.214205593],[0.0471120588,-0.360878766,-0.223035112],
							[-2.55014398e-10,-0.367245197,-0.226969793],[-0.0494099781,-0.378352851,-0.233834714],[-0.107304648,-0.405534595,-0.250633895],[-0.17605722,-0.4338817,-0.268153399],[-0.273473293,-0.489098012,-0.302278936],
							[-0.374400467,-0.515318036,-0.318483829],[-0.0450212248,0.0146283098,-0.422332674],[-0.0767590925,-0.0249405224,-0.422897339],[-0.0897648484,0.0291664414,-0.418287218],[-0.114845179,-0.0681574047,-0.444500089],
							[-0.124141939,-0.011579507,-0.414836228],[-0.139586985,0.0453546457,-0.425270617],[-0.160199806,-0.119175069,-0.472220302],[-0.166537747,-0.0541113541,-0.431166232],[-0.176309228,0.00188653427,-0.416857094],
							[-0.188301995,0.0611831285,-0.417399943],[-0.207368508,-0.17459558,-0.485111505],[-0.214022174,-0.101838522,-0.446644098],[-0.233725697,-0.0435427353,-0.448024809],[-0.232574046,0.0165099353,-0.41716221],
							[-0.234225482,0.0761045888,-0.398488194],[-0.259729475,-0.236962467,-0.492566645],[-0.282193929,-0.164893821,-0.484231293],[-0.29538545,-0.0959764868,-0.468851894],[-0.287891716,-0.0287995134,-0.428619951],
							[-0.280669451,0.0311493054,-0.395595551],[-0.274289876,0.0891223252,-0.368369043],[-0.29613781,-0.286077291,-0.458966196],[-0.322921455,-0.215549201,-0.458694637],[-0.355651319,-0.152894005,-0.470843911],
							[-0.350619525,-0.0792673379,-0.437221318],[-0.332957596,-0.0133165354,-0.393706411],[-0.330390096,0.0463027321,-0.371903688],[-0.330209315,0.107291691,-0.354504555],[-0.323473126,-0.326491803,-0.408709764],
							[-0.35430789,-0.260329902,-0.415058583],[-0.371669114,-0.190971822,-0.408817738],[-0.423727483,-0.137677297,-0.441040695],[-0.421460152,-0.0652777329,-0.417240232],[-0.409247696,0.00215975195,-0.386390567],
							[-0.409473628,0.0667267516,-0.368978798],[-0.401014328,0.130297676,-0.344355673],[-0.365801841,-0.382609427,-0.371606082],[-0.392591476,-0.310754776,-0.373411119],[-0.402665108,-0.235170618,-0.362037838],
							[-0.427568316,-0.173683465,-0.365540177],[-0.452629149,-0.111950167,-0.36930424],[-0.457120061,-0.0457373895,-0.356693923],[-0.466521204,0.0192368757,-0.348288685],[-0.449526131,0.0815166309,-0.320818186],
							[-0.429900318,0.139683306,-0.292288184],[-0.439592719,-0.475471795,-0.349192798],[-0.462188303,-0.389565349,-0.346067488],[-0.4629637,-0.29889524,-0.329206824],[-0.454398125,-0.216276363,-0.308393359],
							[-0.464162797,-0.150815487,-0.301631004],[-0.464551628,-0.0865173563,-0.28957969],[-0.457481682,-0.0253365561,-0.273739606],[-0.457597405,0.0326585509,-0.262731552],[-0.452895403,0.0893222168,-0.249146014],
							[-0.467846632,0.15201284,-0.245961294],[-0.0480249524,0.0661007017,-0.428163946],[-0.0985934287,0.0866658241,-0.43687886],[-0.0526989624,0.12229082,-0.443212509],[-0.150476828,0.106837071,-0.436366379],
							[-0.108430699,0.149242133,-0.454317123],[-0.0555609278,0.177598044,-0.440017283],[-0.201101378,0.125347421,-0.423986137],[-0.160746962,0.169715345,-0.440491706],[-0.110501491,0.203049451,-0.435604453],
							[-0.0579458326,0.233595699,-0.430629402],[-0.241932154,0.137829155,-0.390053749],[-0.214377865,0.191093862,-0.425440431],[-0.16750744,0.230554342,-0.430166394],[-0.113289699,0.257892877,-0.417279243],
							[-0.0565830395,0.273971319,-0.391896397],[-0.287811875,0.153201222,-0.363465548],[-0.254700392,0.201098844,-0.383426726],[-0.219418257,0.250123113,-0.404707342],[-0.162105843,0.27255249,-0.38573128],[-0.110762522,
								0.299519718,-0.377313942],[-0.0549124554,0.310405254,-0.351406902],[-0.350722343,0.176785067,-0.349331796],[-0.317968816,0.228488818,-0.36970219],[-0.281871587,0.27997309,-0.388723463],[-0.218561247,
								0.300823957,-0.368215293],[-0.162643254,0.321846902,-0.352902561],[-0.104295641,0.326601207,-0.323794872],[-0.05204935,0.337453306,-0.303746849],[-0.409242392,0.197149798,-0.318994462],[-0.381972313,
								0.254160196,-0.342253447],[-0.350095987,0.312072068,-0.364115417],[-0.277957499,0.329999715,-0.341838777],[-0.219030604,0.351985484,-0.328508437],[-0.154973343,0.352762699,-0.299362212],[-0.098488234,
								0.351621717,-0.272603393],[-0.0498464108,0.366940886,-0.260175943],[-0.452995569,0.209504947,-0.269312352],[-0.431341946,0.268486023,-0.290936738],[-0.401248634,0.326767772,-0.3091456],[-0.33940807,
								0.358263165,-0.302428395],[-0.27570495,0.379475564,-0.289893061],[-0.205408394,0.377467185,-0.263352215],[-0.145153329,0.374538273,-0.239998832],[-0.0945527554,0.380674273,-0.224685118],[-0.0460184105,
								0.379908681,-0.206671223],[-0.0288457274,0.410163701,-0.160692662],[-0.0782363266,0.396968007,-0.17006278],[-0.0610779785,0.450116038,-0.131068498],[-0.133324504,0.404170245,-0.188226879],[-0.116242707,
								0.433303267,-0.139513075],[-0.0939416513,0.472222656,-0.091549851],[-0.201586813,0.425446719,-0.21527423],[-0.184382454,0.453925103,-0.159981474],[-0.157079399,0.466340244,-0.102547176],[-0.125454366,
								0.479731321,-0.0468111485],[-0.279188246,0.439082325,-0.241931111],[-0.276189715,0.496648848,-0.190866947],[-0.232258528,0.483064711,-0.117935792],[-0.197957963,0.488628864,-0.0580377132],[-0.156545058,
								0.481796205,1.80511184e-09],[-0.349785179,0.423561126,-0.255478323],[-0.339444995,0.46720612,-0.195740625],[-0.312299132,0.488765538,-0.1309333],[-0.277418375,0.498258978,-0.0679034144],[-0.230724946,
								0.485277534,-0.00747329416],[-0.181004778,0.463181615,0.0469468758],[-0.393757761,0.371677399,-0.247749671],[-0.411957145,0.44296205,-0.203205019],[-0.415957898,0.505939424,-0.147868112],[-0.362820327,
								0.499379486,-0.0752987862],[-0.301419556,0.472894073,-0.0115511026],[-0.248103887,0.45087865,0.0422753952],[-0.20128496,0.436647445,0.0914219171],[-0.444173306,0.325567901,-0.243784726],[-0.479810536,
								0.403925866,-0.204882458],[-0.493643105,0.471168548,-0.150142252],[-0.459946036,0.494973302,-0.0804013461],[-0.392090857,0.475822866,-0.0126520144],[-0.316697121,0.435896307,0.0421449281],[-0.26779598,
								0.423387796,0.0902867466],[-0.222426087,0.413506806,0.135525048],[-0.494796902,0.275640428,-0.238191515],[-0.543850899,0.352957875,-0.201597631],[-0.554039359,0.411221355,-0.14365977],[-0.548286259,
								0.460507452,-0.0786453262],[-0.477908611,0.452120692,-0.00900902227],[-0.391401857,0.417016983,0.04706157],[-0.32922852,0.396731675,0.0929358527],[-0.288665444,0.397313982,0.13874504],[-0.243838996,
								0.390243471,0.180107728],[-0.500502646,0.201958597,-0.211639166],[-0.528841555,0.254559994,-0.169734925],[-0.570064187,0.319091976,-0.124466702],[-0.584038496,0.37421605,-0.0655985475],[-0.555411994,
								0.403530538,4.35420731e-08],[-0.472117513,0.387094676,0.057702858],[-0.398173541,0.368125737,0.103197098],[-0.347107589,0.363004625,0.145060033],[-0.305631965,0.364296883,0.186197326],[-0.26578176,
								0.365817189,0.226087257],[-0.476640701,0.118929893,-0.192432106],[-0.454737306,0.0547251478,-0.192555293],[-0.462983876,0.0839391425,-0.135816008],[-0.453892976,-0.00199577585,-0.200795323],[-0.444621593,
								0.0231613591,-0.138456121],[-0.455220282,0.0538480952,-0.0871278122],[-0.467816651,-0.0603655241,-0.215690792],[-0.451764047,-0.0324798971,-0.147872776],[-0.447730601,-0.00489356928,-0.0933379456],
							[-0.451027036,0.0263437685,-0.0426249839],[-0.489070356,-0.12603052,-0.234792799],[-0.482494473,-0.0945149884,-0.165066421],[-0.474416047,-0.0640211552,-0.105334982],[-0.463824481,-0.0329885259,-0.0512480214],
							[-0.454407811,-8.76970319e-09,-5.67618279e-11],[-0.505764008,-0.19974044,-0.252888113],[-0.521525621,-0.169453904,-0.185836911],[-0.518462062,-0.134839177,-0.120922655],[-0.501603782,-0.0985325873,-0.0608964302],
							[-0.482595354,-0.0630071536,-0.00682811299],[-0.453732431,-0.0265028775,0.0428824238],[-0.519854605,-0.284084797,-0.27115646],[-0.539915204,-0.2508789,-0.19998543],[-0.555678964,-0.218034118,-0.134752363],
							[-0.53865242,-0.175018832,-0.0691078678],[-0.500328958,-0.129539683,-0.0106833167],[-0.468623608,-0.089637585,0.0391415395],[-0.446116865,-0.0527625829,0.0853714198],[-0.535482645,-0.385753989,-0.29229477],
							[-0.554064512,-0.345007628,-0.213226244],[-0.577728271,-0.311498672,-0.144410759],[-0.555808425,-0.257941663,-0.0729383826],[-0.525111914,-0.206709564,-0.0116210813],[-0.480154991,-0.156011924,0.0394503176],
							[-0.450403422,-0.114951342,0.0837198049],[-0.428966016,-0.0777101815,0.125737369],[-0.516867816,-0.48017934,-0.296766937],[-0.520404816,-0.421701014,-0.208271444],[-0.523394644,-0.372101247,-0.13373144],
							[-0.531131446,-0.331398726,-0.0688247234],[-0.535335541,-0.291659921,-0.00839434285],[-0.514640093,-0.24200435,0.0467921756],[-0.46249181,-0.183917359,0.0896956846],[-0.426037312,-0.138428092,0.126487389],
							[-0.402201533,-0.100122035,0.162000448],[-0.456464827,-0.545201242,-0.279553473],[-0.466153502,-0.487911999,-0.1953464],[-0.45558989,-0.421293795,-0.118188724],[-0.468205661,-0.383885384,-0.0572222173],
							[-0.493029892,-0.358207345,-4.08675183e-09],[-0.505451143,-0.323891044,0.0567338765],[-0.489180297,-0.273887306,0.106715113],[-0.432181805,-0.208199412,0.138492852],[-0.399207592,-0.161401629,0.16839163],
							[-0.384116083,-0.124807082,0.201941594],[-0.347885847,-0.555597544,-0.257542282],[-0.236212268,-0.50938338,-0.236125439],[-0.295395315,-0.54859364,-0.180269569],[-0.150185212,-0.469088972,-0.217956007],
							[-0.201758146,-0.525460124,-0.175024644],[-0.261112452,-0.566126287,-0.118747525],[-0.0797839239,-0.424527436,-0.197433516],[-0.121240079,-0.490084976,-0.16486086],[-0.158873051,-0.507185638,-0.110733226],
							[-0.211363658,-0.540785015,-0.0548626781],[-0.0240644477,-0.388341367,-0.180612251],[-0.052473601,-0.432826936,-0.146319598],[-0.0865680054,-0.475637287,-0.106376491],[-0.126171321,-0.508124948,-0.0576393418],
							[-0.166795224,-0.513342977,-7.0539925e-09],[0.0229411814,-0.370296091,-0.172164679],[0,-0.394290507,-0.133461073],[-0.0255327374,-0.427646935,-0.0966809988],[-0.0566211566,-0.469105154,-0.0563099384],
							[-0.0924709812,-0.49578023,-0.00705282809],[-0.12791805,-0.489166409,0.047737468],[0.0667691901,-0.355558097,-0.165185153],[0.0453374907,-0.374287307,-0.126459926],[0.0233677514,-0.391646445,-0.0885329992],
							[8.41182679e-11,-0.429225862,-0.0524249934],[-0.0280786082,-0.461638927,-0.00961075537],[-0.0601728447,-0.47818318,0.0395454317],[-0.0963976532,-0.484626323,0.0939722806],[0.113325909,-0.354377359,-0.164455056],
							[0.0904698521,-0.366305292,-0.123134822],[0.0692481697,-0.381095052,-0.0852335542],[0.0497171879,-0.412375659,-0.0495335646],[0.0272061061,-0.447438121,-0.00932989083],[0,-0.476366669,0.0371872559],[-0.0316920802,
								-0.4920035,0.088842161],[-0.0626431927,-0.461810052,0.134506866],[0.16428487,-0.354774952,-0.164320037],[0.140711486,-0.367191136,-0.122293025],[0.117779717,-0.376813948,-0.082334049],[0.101004452,
								-0.407554775,-0.0463243686],[0.0838860422,-0.45018959,-0.00646180194],[0.0610120706,-0.484775752,0.0401006155],[0.0319095068,-0.495335877,0.08944913],[5.15931915e-11,-0.476740837,0.134663537],
							[-0.0308753997,-0.440558434,0.172766641],[0.212872475,-0.341030657,-0.157061607],[0.195800424,-0.364215136,-0.119198263],[0.176540658,-0.383095741,-0.0801202059],[0.15997602,-0.409427881,-0.0414638184],
							[0.148420125,-0.456790268,3.54447427e-09],[0.123780906,-0.473322511,0.0461819433],[0.0993434936,-0.499503821,0.0968778431],[0.0664735138,-0.490426987,0.14292106],[0.0330355577,-0.472907126,0.185616836],
							[0,-0.435692817,0.21784614],[0.268386543,-0.319625884,-0.163144737],[0.301115274,-0.279346079,-0.172645196],[0.313795745,-0.32805261,-0.130988717],[0.335584164,-0.241511896,-0.182837278],[0.359727591,
								-0.291157752,-0.143917203],[0.36946556,-0.341541916,-0.0957013294],[0.378999799,-0.2070131,-0.197383657],[0.405872881,-0.252550513,-0.156084642],[0.429826438,-0.305372149,-0.109855086],[0.428050846,
								-0.350942045,-0.0522883758],[0.431664556,-0.170459434,-0.215661749],[0.457389772,-0.212484047,-0.169333681],[0.465658396,-0.250949979,-0.116390392],[0.482984066,-0.301255226,-0.0626249015],[0.497026473,
								-0.361110955,-3.17496962e-08],[0.431176364,-0.111124843,-0.206860989],[0.474233031,-0.154087618,-0.168932959],[0.484177053,-0.189953119,-0.117397375],[0.511500537,-0.2373382,-0.0671443418],[0.521628618,
								-0.284166723,-0.00819533132],[0.505643725,-0.324014366,0.0567555949],[0.425245911,-0.0549017042,-0.19597052],[0.454506457,-0.0890494063,-0.155463174],[0.48897925,-0.12718226,-0.114040881],[0.516312003,
								-0.167759985,-0.0662504658],[0.533651114,-0.210075974,-0.0118022682],[0.517414987,-0.243313372,0.0470484905],[0.508454382,-0.284659266,0.110945195],[0.418416053,-0.00188021932,-0.185042232],[0.437676221,
								-0.0314849317,-0.143252566],[0.469089001,-0.0633086115,-0.104152739],[0.504219949,-0.0990440249,-0.0612125136],[0.544288814,-0.140895531,-0.011579562],[0.568861127,-0.184834331,0.0468570329],[0.535038054,
								-0.21283555,0.103890538],[0.522271276,-0.251408756,0.167611286],[0.384881496,0.0462110825,-0.162921697],[0.40992558,0.0212869383,-0.12765497],[0.428990453,-0.0047283629,-0.0894444138],[0.462256789,
								-0.0328802541,-0.0510765091],[0.508425057,-0.0663324222,-0.00715988781],[0.549759209,-0.105034888,0.046040535],[0.558694661,-0.142487928,0.104029],[0.537503421,-0.174645633,0.159785181],[0.526997328,
								-0.212566659,0.222950965],[0.356567591,0.0885921195,-0.14334473],[0.367312849,0.0664209723,-0.107471079],[0.383528888,0.0452994891,-0.0732958764],[0.410927057,0.0239854865,-0.0388091765],[0.456567705,
								5.40727879e-11,2.7036394e-11],[0.501878023,-0.0293343402,0.0474638343],[0.555561066,-0.065812923,0.106487259],[0.548798501,-0.0996525288,0.161240757],[0.53467989,-0.133594096,0.216159239],[0.506911933,
								-0.164705932,0.266499132],[0.33979255,0.137612775,-0.143024594],[0.3305628,0.184412509,-0.159080148],[0.348123968,0.167883068,-0.111323938],[0.326528013,0.239506662,-0.179060563],[0.343364447,
								0.223219424,-0.127364531],[0.357416451,0.200246751,-0.0777969286],[0.316823602,0.299143314,-0.199167594],[0.327088118,0.275595188,-0.139623463],[0.345443219,0.256839782,-0.0897447392],[0.360177338,
								0.230861962,-0.0403469391],[0.274356037,0.332259327,-0.200144768],[0.286236465,0.307907581,-0.14106831],[0.311487377,0.297590226,-0.0947935209],[0.337127477,0.2836335,-0.0485822409],[0.35717842,
								0.259505451,-1.36567087e-08],[0.222269073,0.349523753,-0.192350984],[0.2512393,0.345801443,-0.144727856],[0.27373299,0.333047152,-0.0972897932],[0.297859043,0.320783257,-0.05218786],[0.328867882,
								0.31149599,-0.00639854698],[0.357869387,0.293364733,0.0436651446],[0.175771445,0.370867819,-0.187533349],[0.212565094,0.382102072,-0.146741167],[0.244018719,0.38182801,-0.102268837],[0.268248737,
								0.369212866,-0.0557270907],[0.295396447,0.358589232,-0.00965219736],[0.331923962,0.353800386,0.0398104824],[0.343684793,0.317668676,0.0889698714],[0.123046756,0.372885704,-0.17360498],[0.161609083,
								0.397671759,-0.140127748],[0.205446854,0.427151263,-0.104295336],[0.229351655,0.411762416,-0.0561698601],[0.26212281,0.411172837,-0.010106748],[0.300312191,0.413344353,0.0399312936],[0.33193633,
								0.399989456,0.0937058181],[0.33967483,0.355205894,0.141920343],[0.0758734643,0.384869695,-0.164871976],[0.106762826,0.39769429,-0.128058329],[0.14519085,0.430819541,-0.0947651863],[0.177474976,
								0.437805802,-0.0520572029],[0.20785439,0.436972648,-0.00679241074],[0.254867464,0.46320942,0.0434502885],[0.291852772,0.461490571,0.0984770954],[0.3092134,0.42559582,0.148676857],[0.324536622,
								0.38697058,0.19789812],[0.0286934264,0.407882988,-0.159786656],[0.0574110076,0.422719508,-0.123013131],[0.0869679153,0.437002838,-0.0846714526],[0.122279249,0.467571676,-0.045617342],[0.156205907,
								0.480752438,3.09109849e-09],[0.186891854,0.478230178,0.0484818779],[0.219651043,0.476395369,0.0998104438],[0.237921759,0.442193717,0.145026952],[0.259664446,0.41539371,0.191885456],[0.293033361,
								0.403325826,0.24926886],[0,0.441909075,-0.124767661],[-0.0299407933,0.465162486,-0.0839532092],[0.0294082984,0.457001239,-0.0824666768],[-0.06115086,0.48586604,-0.0401924327],[0,0.469358116,-0.0366306938],
							[0.0590351298,0.469245762,-0.0387927815],[-0.08872471,0.47588554,0.00679491973],[-0.0277414415,0.456151187,0.00950221345],[0.0277973078,0.457060516,0.0095202066],[0.090427801,0.48492986,0.00691216625],
							[-0.111267842,0.448568702,0.0509387925],[-0.0524713472,0.435006112,0.0522368141],[9.25622246e-09,0.434278339,0.0530395731],[0.0539043806,0.446781516,0.0536433868],[0.11948774,0.481416434,0.0546344183],
							[-0.13199693,0.421919227,0.0921594501],[-0.075280942,0.414025605,0.0925979763],[-0.0245424453,0.411179483,0.0929539204],[0.0247942582,0.415367186,0.0939017087],[0.0795291811,0.43721509,0.0977839679],[0.144464418,
								0.461473197,0.100775585],[-0.155331865,0.405095786,0.134922042],[-0.098718904,0.399488837,0.134320945],[-0.047953248,0.395745069,0.133739501],[-1.9907842e-09,0.393869042,0.133317843],[0.0474757813,
								0.391828358,0.13241075],[0.101382114,0.410202146,0.13793242],[0.163484231,0.426231533,0.141963959],[-0.179712668,0.387937129,0.179721683],[-0.124802493,0.390094161,0.181113198],[-0.0731301084,
								0.38926661,0.18094641],[-0.0235061571,0.379372746,0.17641373],[0.0232290309,0.374920726,0.174329609],[0.0731608868,0.389429837,0.181022733],[0.126943856,0.396758407,0.184221372],[0.188209742,0.406201601,
								0.188204318],[-0.208302006,0.373743713,0.230986059],[-0.153129905,0.377885282,0.233545691],[-0.0987953022,0.37362048,0.230909929],[-0.0478869826,0.366771549,0.22667709],[-1.87920235e-10,0.361126393,
								0.223188162],[0.0486430191,0.372520745,0.230230242],[0.0993790179,0.375809669,0.232262909],[0.15602304,0.384951323,0.237912759],[0.221830428,0.397689253,0.245785221],[-0.50858438,0.165249258,-0.151146322],
							[-0.500306249,0.127640769,-0.0930787027],[-0.547110736,0.21764791,-0.106252745],[-0.486173749,0.0929681212,-0.0406338349],[-0.539105654,0.17516619,-0.0443725213],[-0.57118088,0.268676341,-0.0520146973],
							[-0.46631524,0.0609112717,0.00661899801],[-0.51528281,0.133402616,0.010988188],[-0.53302753,0.20983021,0.01178905],[-0.555446506,0.302653968,0.0086863786],[-0.461686373,0.0328408629,0.0510141104],[-0.481134206,
								0.0945309922,0.0584233142],[-0.509590805,0.165576145,0.0653908029],[-0.513609409,0.238318786,0.0674200952],[-0.514969766,0.32128039,0.0667436123],[-0.442025453,0.00484328019,0.0921526402],[-0.470891625,
								0.0635497347,0.104552828],[-0.484635055,0.126054019,0.113026857],[-0.485889912,0.190625817,0.117813118],[-0.477462649,0.257327527,0.119341753],[-0.449689358,0.31953758,0.114923626],[-0.421066344,
								-0.0218887981,0.131123185],[-0.436723471,0.0314176567,0.142940104],[-0.448700219,0.0879155472,0.153470933],[-0.451160163,0.146590769,0.160685942],[-0.45840171,0.212954864,0.169709548],[-0.434397668,
								0.270347208,0.167083591],[-0.395435989,0.32016924,0.158219084],[-0.40309462,-0.0484309271,0.170647904],[-0.419494808,0.00188373635,0.1855212],[-0.430719525,0.0556042306,0.198506057],[-0.433687091,
								0.111771271,0.208072335],[-0.4321132,0.170636743,0.215887129],[-0.418081552,0.228397503,0.217852741],[-0.394462407,0.283997089,0.215076968],[-0.349915922,0.324772179,0.200720042],[-0.386131138,
								-0.0757813528,0.212489054],[-0.406609565,-0.0288549177,0.233488113],[-0.425729275,0.0236333776,0.254750729],[-0.415220618,0.077366963,0.258836091],[-0.419690609,0.136365622,0.272731245],[-0.402942061,
								0.191742316,0.273462683],[-0.37508142,0.241977215,0.266680598],[-0.342986465,0.288595468,0.256718963],[-0.302104741,0.325614035,0.239759237],[-0.389006615,-0.535421789,-0.187244728],[-0.3328529,
								-0.526429355,-0.112435937],[-0.399980128,-0.481852442,-0.113053881],[-0.298226118,-0.542257011,-0.0509820506],[-0.353569001,-0.486646116,-0.0471264347],[-0.413110107,-0.440089852,-0.0497080982],
							[-0.252360612,-0.530974269,0.00811741967],[-0.328126401,-0.51484108,0.0125327343],[-0.380270332,-0.461491525,0.0122852996],[-0.435898453,-0.412482798,0.0082732169],[-0.201280385,-0.496872574,0.0590077564],
							[-0.280626863,-0.504032671,0.068686597],[-0.346990049,-0.477590919,0.0720226616],[-0.400029987,-0.430583328,0.0699720904],[-0.446000606,-0.374829471,0.0640827268],[-0.164171994,-0.487531602,0.107189856],
							[-0.229386404,-0.477075219,0.116474606],[-0.30782178,-0.48175329,0.129053637],[-0.361425459,-0.439648509,0.128475145],[-0.393271446,-0.37552318,0.119643942],[-0.453352451,-0.336703211,0.117635623],[-0.119274274,
								-0.444690645,0.143176198],[-0.181638956,-0.447148293,0.157589704],[-0.248451963,-0.446711123,0.171629906],[-0.312572926,-0.430219918,0.180199474],[-0.348582983,-0.374882847,0.171882719],[-0.383425653,
								-0.322934896,0.163696766],[-0.429984868,-0.279273093,0.15943706],[-0.0816423818,-0.41440767,0.177545264],[-0.13291131,-0.402912498,0.187639013],[-0.191302195,-0.403702945,0.2042225],[-0.245965764,
								-0.386808932,0.212992236],[-0.292340279,-0.354028016,0.213337719],[-0.328586489,-0.310233444,0.20659557],[-0.361688763,-0.265227914,0.198404744],[-0.383654803,-0.21390377,0.184654489],[-0.0487127416,
								-0.403428674,0.219409987],[-0.0922183841,-0.371122718,0.219061345],[-0.136164978,-0.351208568,0.225068778],[-0.185034081,-0.339955419,0.23719497],[-0.233882159,-0.321911365,0.24591805],[-0.276548207,
								-0.292003334,0.246463344],[-0.317297876,-0.258614838,0.244572267],[-0.342340857,-0.213445351,0.231084943],[-0.370133549,-0.171681225,0.220299184],[0.255825371,-0.352113396,-0.122871868],[0.309640646,
								-0.373165667,-0.0873660743],[0.241540566,-0.381802708,-0.0813478678],[0.375074565,-0.399663419,-0.0450710878],[0.306686461,-0.42211777,-0.0407924689],[0.225222185,-0.40916273,-0.0383006483],[0.432473749,
								-0.409251392,0.00821321178],[0.372191161,-0.451696217,0.0120346388],[0.295825273,-0.464107454,0.0113454852],[0.215586215,-0.453303009,0.00702259596],[0.488108277,-0.410100222,0.070077695],[0.417533517,
								-0.449393839,0.0730188191],[0.341219902,-0.469649106,0.0708285421],[0.272659779,-0.489695847,0.0667417794],[0.194462582,-0.479956001,0.0570171364],[0.508348882,-0.377405941,0.131850347],[0.464089096,
								-0.443006098,0.141162157],[0.398507267,-0.484726131,0.14166227],[0.334683865,-0.523823321,0.140330493],[0.249695376,-0.519427776,0.12680681],[0.167801723,-0.498376518,0.109565802],[0.520288765,
								-0.337710381,0.192873418],[0.493553162,-0.41547364,0.210754722],[0.437253833,-0.470136762,0.215707839],[0.37940371,-0.522204578,0.218850255],[0.303538382,-0.54588604,0.209834129],[0.218525037,
								-0.53826201,0.189746872],[0.135276794,-0.504800439,0.162512422],[0.512472987,-0.285459042,0.246706083],[0.487574339,-0.35731712,0.267662346],[0.4307037,-0.406510383,0.271080136],[0.380325109,-0.460527599,
								0.277881861],[0.335944891,-0.528385162,0.291369647],[0.262854397,-0.554978728,0.281111568],[0.176508904,-0.535619497,0.249664217],[0.100820825,-0.512605011,0.219676912],[0.488805026,-0.225850731,
								0.290493757],[0.464035571,-0.288704634,0.312922657],[0.423630297,-0.344937712,0.326361209],[0.379413635,-0.400432587,0.338045955],[0.328078628,-0.451561749,0.344961941],[0.264740556,-0.486705601,
								0.339524984],[0.194651231,-0.503012598,0.322217077],[0.120545253,-0.487027645,0.287304103],[0.0559702218,-0.466782391,0.253723234],[0.347857028,0.113025799,-0.103132933],[0.352834463,0.140206099,
								-0.0682394207],[0.357767999,0.0913957581,-0.0663467273],[0.369245827,0.173417568,-0.0333624557],[0.367047548,0.119261049,-0.0300061963],[0.378883034,0.0726072863,-0.0315108746],[0.381748319,0.207697988,
								0.00616437243],[0.383285999,0.15079762,0.00861175824],[0.393186897,0.101862431,0.00849891827],[0.415679723,0.0543925427,0.00596860284],[0.381480008,0.2377069,0.0495544896],[0.399650335,0.185327053,
								0.0525179282],[0.418587893,0.136007488,0.0537513308],[0.437143534,0.085931249,0.0531083792],[0.462318718,0.032884527,0.0510832854],[0.370432854,0.263015032,0.0946992859],[0.405876219,0.218651071,
								0.101443321],[0.452444613,0.177490816,0.109695256],[0.480156213,0.124890842,0.111981429],[0.507637143,0.0684648305,0.112707861],[0.533394516,0.0056486968,0.111135848],[0.365024418,0.295461208,
								0.146038681],[0.401208341,0.249640301,0.154286027],[0.461202145,0.214257777,0.170749694],[0.500634432,0.162665963,0.178369701],[0.550096869,0.10771662,0.188262165],[0.548762083,0.0393304527,0.179684013],
							[0.559707224,-0.0293788016,0.174283206],[0.354941636,0.329450369,0.203611329],[0.39156726,0.281908005,0.213491678],[0.439263165,0.239987493,0.228946641],[0.482689798,0.190622509,0.241295993],[0.51200211,
								0.131934643,0.245856598],[0.53062439,0.0684266686,0.244785532],[0.560539782,0.00234314124,0.248150602],[0.550523043,-0.0663995594,0.233188659],[0.340766728,0.367754459,0.27053228],[0.371025234,
								0.312345743,0.277735621],[0.423466206,0.273314208,0.301105261],[0.467408985,0.222479865,0.317225695],[0.482033283,0.156621963,0.313243955],[0.499311268,0.0929648876,0.311242282],[0.515410542,0.0284438264,
								0.30838272],[0.526563585,-0.0378033482,0.302286267],[0.524831772,-0.103912055,0.288642704],[-6.35660413e-08,8.3153251e-10,0.747434497],[0.0447671711,0.0616168268,0.69433856],[-0.0460906662,0.063438341,
								0.715585351],[0.0857667178,0.118047759,0.650446117],[-1.16469195e-07,0.129896134,0.683087707],[-0.0914803818,0.125911981,0.694240212],[0.124958202,0.171990216,0.617099524],[0.0424859039,0.187599778,
								0.641235471],[-0.0446136333,0.196870625,0.67305851],[-0.136805624,0.188296884,0.675842464],[0.167191818,0.23011981,0.600003004],[0.0807217732,0.23851116,0.595846057],[-3.55797773e-08,0.250415891,
								0.617328644],[-0.0832038671,0.245762408,0.614020288],[-0.1662772,0.228860959,0.596716344],[0.192681685,0.265203625,0.53040725],[0.110848755,0.27280575,0.527011931],[0.0368537419,0.281446904,0.535087347],
							[-0.0376794599,0.287694752,0.546988785],[-0.113434203,0.279105246,0.539212942],[-0.192677289,0.265197575,0.53039515],[0.209335878,0.288126111,0.45475769],[0.131815314,0.291150779,0.447741807],[0.0657580495,
								0.301752269,0.457538456],[7.78852705e-10,0.312505633,0.471751153],[-0.0700129569,0.321123362,0.486942232],[-0.144665584,0.319283336,0.491088152],[-0.209021106,0.287692875,0.45407474],[0.23592931,
								0.324728787,0.409649402],[0.154334739,0.31661886,0.392643631],[0.090916954,0.323222518,0.396708488],[0.0304648727,0.331004292,0.404316306],[-0.0311798658,0.338728249,0.413747102],[-0.0979833752,
								0.3481884,0.427351415],[-0.167756483,0.343958259,0.426581442],[-0.229816586,0.316315383,0.399065465],[0.256046981,0.352418423,0.355693758],[0.186476424,0.362014949,0.362178922],[0.116131157,0.351241261,
								0.349333316],[0.0561226234,0.346908361,0.343928069],[4.33454453e-11,0.349758655,0.34639582],[-0.0576828383,0.356515914,0.353433967],[-0.120656975,0.364872515,0.362872571],[-0.182307497,0.353960395,
								0.354122072],[-0.241697013,0.33266741,0.335867733],[0.27163291,0.373870641,0.298754424],[0.201392069,0.374436796,0.298608661],[0.139389291,0.375687391,0.299049258],[0.0801012516,0.367899776,0.292566121],
							[0.0256124083,0.356750041,0.283606946],[-0.0255143791,0.355386049,0.282527864],[-0.0802412853,0.368542045,0.293074697],[-0.134395421,0.362253606,0.28839004],[-0.190428168,0.354107529,0.282424599],[-0.248246551,
								0.341682076,0.273295641],[0.0739483163,-0.0240273103,0.709355474],[0.144940779,-0.0470941886,0.679661155],[0.122272402,0.0397286862,0.67604512],[0.213845104,-0.0694825947,0.652825534],[0.203287482,
								0.0186074842,0.680669427],[0.169884637,0.101131134,0.659158111],[0.275465846,-0.0895044133,0.610982597],[0.28252539,-0.00354787894,0.668756247],[0.25605008,0.0831956714,0.663830221],[0.217287093,
								0.162031263,0.641490877],[0.345962793,-0.112410367,0.588587165],[0.356041461,-0.025824517,0.639017522],[0.349452257,0.0649320483,0.670271039],[0.31051755,0.147923142,0.648586869],[0.263468802,
								0.222196072,0.616939008],[0.400390208,-0.130094856,0.537465096],[0.404528916,-0.0453704484,0.570325315],[0.422451913,0.0420205668,0.629076242],[0.39195773,0.127354756,0.622261941],[0.361533225,
								0.211420357,0.6205917],[0.296133608,0.270379037,0.56182313],[0.429890722,-0.139680162,0.461173773],[0.436848462,-0.0615447983,0.49174124],[0.443289489,0.0175475683,0.524103582],[0.471120954,0.106448472,
								0.587405443],[0.441212952,0.189722583,0.58409524],[0.397243857,0.265310854,0.564326346],[0.318425477,0.307711691,0.493577898],[0.448807091,-0.145826519,0.385165036],[0.465067595,-0.0758959278,
								0.419032454],[0.471136749,-0.00255628955,0.444731653],[0.46903944,0.0726229846,0.464257836],[0.471497416,0.153198645,0.490676403],[0.437452763,0.224814832,0.481067181],[0.407454491,0.299465775,
								0.477274895],[0.329357564,0.332451791,0.416150033],[0.480176479,-0.156019032,0.326114148],[0.496436596,-0.0900744945,0.354230374],[0.507986188,-0.0209691171,0.379154682],[0.483119607,0.0483321622,
								0.376909912],[0.470836371,0.116452031,0.384104371],[0.461518794,0.187477291,0.394457638],[0.444177091,0.259428829,0.399237901],[0.408062726,0.323013723,0.388092011],[0.335056484,0.350392729,0.340402246],
							[2.56535149e-08,-0.0849949867,0.777685642],[-8.00876947e-08,-0.17122525,0.764474809],[0.0807047337,-0.111080557,0.722269058],[-1.19928933e-09,-0.241198793,0.700472176],[0.0820873156,-0.191276386,0.694082975],
							[0.148769706,-0.130398005,0.659562111],[-1.18851817e-08,-0.268729091,0.56681031],[0.080484353,-0.258593172,0.640966594],[0.147221059,-0.202632636,0.617456317],[0.211896002,-0.150009483,0.614388883],[-1.29546929e-10,
								-0.317570329,0.513839483],[0.0743971616,-0.301154912,0.555218041],[0.141667724,-0.260518551,0.559064209],[0.209076688,-0.220593721,0.573011875],[0.280375242,-0.174280718,0.590908587],[-1.65801293e-08,
								-0.364151597,0.464970589],[0.0731924772,-0.355974048,0.509157181],[0.146778002,-0.334502548,0.541236341],[0.212049097,-0.291860729,0.544653177],[0.281061172,-0.250322074,0.55766958],[0.356865019,
								-0.202723399,0.575035214],[-2.57763277e-09,-0.367343664,0.375002533],[0.0675380006,-0.38310492,0.433629692],[0.137601137,-0.372479975,0.469124466],[0.216373235,-0.36390838,0.514918387],[0.281522572,
								-0.320842981,0.519134581],[0.341594398,-0.269468248,0.514005244],[0.401029617,-0.213025957,0.506155133],[-1.47192969e-09,-0.375991732,0.307275832],[0.0616558157,-0.400715709,0.360589653],[0.131460801,
								-0.412065983,0.408330142],[0.204327792,-0.40445438,0.443268746],[0.280629873,-0.386254132,0.472566903],[0.347396314,-0.344987392,0.478871733],[0.38871491,-0.279199719,0.451754212],[0.419056654,
								-0.211055771,0.417242289],[-5.28027205e-11,-0.401904017,0.260217667],[0.0573210269,-0.422507077,0.299461275],[0.125369906,-0.447850198,0.346912235],[0.200538993,-0.456567258,0.387073576],[0.268273532,
								-0.431133449,0.402066082],[0.335807502,-0.398670495,0.412693024],[0.389307201,-0.347007334,0.404747903],[0.417547941,-0.27780363,0.374022782],[0.446641028,-0.215117455,0.348066717],[-0.0792878121,
								-0.0257622097,0.762335062],[-0.145444766,-0.047257863,0.682048142],[-0.0841439366,-0.115814358,0.753221273],[-0.206220955,-0.0670053139,0.629462242],[-0.15094623,-0.132295012,0.66922164],[-0.0820357502,
								-0.191155314,0.693642616],[-0.243208975,-0.0790235177,0.539343119],[-0.202155441,-0.143162698,0.586155832],[-0.147184968,-0.202582866,0.617304206],[-0.0755806938,-0.242657468,0.601430118],[-0.287363738,
								-0.0933703035,0.488892406],[-0.243556201,-0.151553467,0.513380766],[-0.192018375,-0.202635825,0.526237905],[-0.130397141,-0.239736065,0.514417589],[-0.0697852001,-0.282215357,0.520290852],[-0.305656195,
								-0.0993138775,0.410430163],[-0.274906754,-0.156447515,0.443125546],[-0.223080754,-0.198823795,0.442697793],[-0.167038158,-0.229908437,0.428960174],[-0.119064823,-0.271104366,0.438655853],[-0.0657460541,
								-0.319210202,0.456586242],[-0.325769365,-0.105849057,0.34975335],[-0.290867984,-0.154816076,0.36731717],[-0.243000358,-0.191893101,0.365844697],[-0.196236312,-0.22372514,0.361994535],[-0.152148634,
								-0.255790085,0.362027496],[-0.108182311,-0.292505443,0.368487448],[-0.057996884,-0.32816577,0.371493936],[-0.354778379,-0.115274668,0.304875612],[-0.319013506,-0.160882607,0.317819625],[-0.276375175,
								-0.19867447,0.321461618],[-0.228708446,-0.227224037,0.315582246],[-0.184815809,-0.254377276,0.311481446],[-0.141520783,-0.279987842,0.307112008],[-0.0995865464,-0.311785817,0.309140623],[-0.0532168336,
								-0.345141619,0.310654998],[-0.368596762,-0.119764552,0.251042962],[-0.345663816,-0.166604295,0.269570947],[-0.310939282,-0.206951916,0.278820395],[-0.270000786,-0.240711331,0.281117111],[-0.226175696,
								-0.268532187,0.278416812],[-0.180905983,-0.290707886,0.271558911],[-0.136093646,-0.309752315,0.26301986],[-0.0940627456,-0.335779786,0.260370016],[-0.0501974449,-0.369550467,0.262020916],[-0.131699696,
								0.0427917615,0.72848022],[-0.174437419,0.103858642,0.676914394],[-0.196819305,0.018033091,0.658944249],[-0.202485755,0.150919735,0.597603202],[-0.226591781,0.0736240447,0.587260962],[-0.237157315,
								-0.00283826771,0.56116277],[-0.22759147,0.191754565,0.532632589],[-0.250276029,0.119152777,0.522515178],[-0.263318151,0.0490121916,0.504855394],[-0.272710681,-0.0195379052,0.489282608],[-0.251318604,
								0.229241878,0.47656554],[-0.286600202,0.167477772,0.491804361],[-0.304084033,0.0988028347,0.482670069],[-0.310677618,0.0310383122,0.462564409],[-0.313550621,-0.034924604,0.441981375],[-0.267894506,
								0.258661836,0.4151057],[-0.307962656,0.205533743,0.437434286],[-0.343192309,0.147531226,0.454352856],[-0.361297131,0.0816758499,0.450529128],[-0.354716122,0.0141509529,0.41942203],[-0.339115381,
								-0.0475519672,0.38172552],[-0.294199795,0.296842545,0.371696681],[-0.329409301,0.241995201,0.385910988],[-0.368029654,0.189099461,0.404820561],[-0.385723591,0.125329092,0.401552469],[-0.399471164,
								0.0618830882,0.395510793],[-0.397127658,-0.00208211388,0.37496534],[-0.363340795,-0.059117984,0.32744348],[-0.296324223,0.309806913,0.301092386],[-0.337482035,0.267087907,0.321116984],[-0.379601419,
								0.221692964,0.341369808],[-0.421011418,0.17101942,0.359955281],[-0.411760956,0.101845123,0.336083561],[-0.40537414,0.0405730456,0.316458732],[-0.390923351,-0.0160787012,0.292014629],[-0.369974405,
								-0.0670040622,0.264157146]
						]
					]
				]
			]
		]
	],
	"primitives",[
		[
			[
				"type","Polygon_run"
			],
			[
				"startvertex",0,
				"nprimitives",2000,
				"nvertices_rle",[3,2000]
			]
		]
	]
]
